trilpas[0] = [0, 53, 71] 
trilpas[1] = [1, 6, 42] 
trilpas[2] = [2, 13, 39] 
trilpas[3] = [3, 64, 72] 
trilpas[4] = [4, 25, 35] 
trilpas[5] = [5, 6, 58] 
trilpas[6] = [6, 11, 57] 
trilpas[7] = [7, 28, 44] 
trilpas[8] = [8, 77, 79] 
trilpas[9] = [9, 30, 50] 
trilpas[10] = [10, 21, 63] 
trilpas[11] = [11, 16, 72] 
trilpas[12] = [12, 43, 49] 
trilpas[13] = [2, 13, 14] 
trilpas[14] = [14, 35, 65] 
trilpas[15] = [15, 36, 68] 
trilpas[16] = [7, 16, 21] 
trilpas[17] = [17, 54, 58] 
trilpas[18] = [7, 18, 29] 
trilpas[19] = [0, 19, 40] 
trilpas[20] = [20, 51, 73] 
trilpas[21] = [21, 22, 26] 
trilpas[22] = [22, 59, 73] 
trilpas[23] = [12, 23, 44] 
trilpas[24] = [15, 24, 45] 
trilpas[25] = [25, 66, 78] 
trilpas[26] = [26, 31, 37] 
trilpas[27] = [8, 27, 64] 
trilpas[28] = [17, 28, 59] 
trilpas[29] = [29, 30, 50] 
trilpas[30] = [1, 3, 30] 
trilpas[31] = [31, 36, 52] 
trilpas[32] = [23, 32, 69] 
trilpas[33] = [22, 33, 74] 
trilpas[34] = [34, 45, 55] 
trilpas[35] = [8, 16, 35] 
trilpas[36] = [36, 41, 67] 
trilpas[37] = [37, 38, 74] 
trilpas[38] = [9, 27, 38] 
trilpas[39] = [39, 60, 61] 
trilpas[40] = [13, 31, 40] 
trilpas[41] = [2, 41, 46] 
trilpas[42] = [42, 53, 79] 
trilpas[43] = [24, 32, 43] 
trilpas[44] = [44, 65, 75] 
trilpas[45] = [18, 45, 46] 
trilpas[46] = [17, 46, 51] 
trilpas[47] = [4, 47, 68] 
trilpas[48] = [37, 39, 48] 
trilpas[49] = [10, 49, 70] 
trilpas[50] = [23, 50, 61] 
trilpas[51] = [32, 51, 56] 
trilpas[52] = [3, 9, 52] 
trilpas[53] = [42, 53, 54] 
trilpas[54] = [25, 54, 75] 
trilpas[55] = [28, 55, 76] 
trilpas[56] = [47, 56, 61] 
trilpas[57] = [14, 18, 57] 
trilpas[58] = [47, 58, 69] 
trilpas[59] = [0, 40, 59] 
trilpas[60] = [11, 33, 60] 
trilpas[61] = [61, 62, 66] 
trilpas[62] = [19, 33, 62] 
trilpas[63] = [4, 52, 63] 
trilpas[64] = [5, 55, 64] 
trilpas[65] = [26, 38, 65] 
trilpas[66] = [66, 71, 77] 
trilpas[67] = [24, 48, 67] 
trilpas[68] = [19, 57, 68] 
trilpas[69] = [10, 69, 70] 
trilpas[70] = [41, 43, 70] 
trilpas[71] = [12, 71, 76] 
trilpas[72] = [29, 63, 72] 
trilpas[73] = [34, 62, 73] 
trilpas[74] = [5, 15, 74] 
trilpas[75] = [48, 56, 75] 
trilpas[76] = [1, 27, 76] 
trilpas[77] = [34, 77, 78] 
trilpas[78] = [49, 67, 78] 
trilpas[79] = [20, 21, 79] 
(Iter. 0) BestSol = Solution: cost=[-744.0], size=[32], elements=[37, 62, 48, 36, 60, 19, 2, 18, 29, 14, 9, 43, 42, 58, 3, 31, 8, 70, 20, 46, 53, 12, 71, 22, 44, 1, 21, 61, 24, 50, 47, 4]
(Iter. 1) BestSol = Solution: cost=[-813.0], size=[35], elements=[62, 37, 64, 2, 48, 47, 23, 18, 19, 58, 36, 46, 71, 31, 54, 44, 13, 9, 75, 73, 42, 24, 7, 1, 60, 3, 22, 76, 51, 4, 70, 49, 74, 55, 8]
(Iter. 5) BestSol = Solution: cost=[-819.0], size=[34], elements=[29, 37, 2, 18, 62, 48, 43, 3, 42, 54, 31, 58, 60, 24, 73, 9, 1, 12, 13, 51, 70, 44, 71, 75, 46, 19, 27, 4, 22, 57, 5, 8, 11, 55]
(Iter. 16) BestSol = Solution: cost=[-830.0], size=[36], elements=[48, 37, 60, 19, 8, 62, 31, 18, 2, 54, 3, 71, 43, 42, 58, 9, 46, 75, 1, 22, 24, 70, 13, 44, 76, 73, 4, 51, 49, 47, 7, 36, 74, 23, 64, 55]
(Iter. 40) BestSol = Solution: cost=[-838.0], size=[37], elements=[2, 37, 48, 23, 64, 18, 46, 58, 62, 71, 19, 60, 31, 9, 75, 36, 3, 73, 69, 42, 54, 13, 1, 76, 24, 44, 70, 4, 43, 22, 8, 51, 49, 55, 74, 57, 61]
(Iter. 874) BestSol = Solution: cost=[-843.0], size=[37], elements=[48, 37, 62, 36, 19, 2, 18, 60, 31, 58, 46, 54, 23, 64, 69, 44, 13, 71, 9, 73, 42, 24, 3, 75, 76, 22, 7, 4, 1, 43, 49, 51, 8, 70, 55, 61, 74]
maxVal = Solution: cost=[-843.0], size=[37], elements=[48, 37, 62, 36, 19, 2, 18, 60, 31, 58, 46, 54, 23, 64, 69, 44, 13, 71, 9, 73, 42, 24, 3, 75, 76, 22, 7, 4, 1, 43, 49, 51, 8, 70, 55, 61, 74]
Time = 8.39 seg
