trilpas[0] = [0, 31, 93] 
trilpas[1] = [1, 62, 86] 
trilpas[2] = [2, 79, 93] 
trilpas[3] = [3, 24, 72] 
trilpas[4] = [4, 55, 65] 
trilpas[5] = [5, 58, 86] 
trilpas[6] = [6, 17, 51] 
trilpas[7] = [7, 44, 48] 
trilpas[8] = [8, 37, 79] 
trilpas[9] = [9, 10, 30] 
trilpas[10] = [10, 23, 41] 
trilpas[11] = [11, 16, 72] 
trilpas[12] = [3, 9, 12] 
trilpas[13] = [2, 13, 34] 
trilpas[14] = [14, 65, 95] 
trilpas[15] = [15, 88, 96] 
trilpas[16] = [16, 27, 81] 
trilpas[17] = [17, 58, 74] 
trilpas[18] = [18, 67, 89] 
trilpas[19] = [19, 20, 60] 
trilpas[20] = [20, 51, 53] 
trilpas[21] = [21, 46, 82] 
trilpas[22] = [13, 22, 39] 
trilpas[23] = [23, 32, 44] 
trilpas[24] = [24, 25, 75] 
trilpas[25] = [6, 18, 25] 
trilpas[26] = [11, 26, 37] 
trilpas[27] = [4, 27, 68] 
trilpas[28] = [28, 97, 99] 
trilpas[29] = [29, 30, 90] 
trilpas[30] = [30, 61, 83] 
trilpas[31] = [31, 76, 92] 
trilpas[32] = [23, 32, 69] 
trilpas[33] = [33, 54, 62] 
trilpas[34] = [34, 55, 85] 
trilpas[35] = [16, 35, 48] 
trilpas[36] = [36, 41, 47] 
trilpas[37] = [34, 37, 78] 
trilpas[38] = [9, 27, 38] 
trilpas[39] = [20, 39, 40] 
trilpas[40] = [13, 40, 71] 
trilpas[41] = [2, 6, 41] 
trilpas[42] = [33, 42, 99] 
trilpas[43] = [43, 64, 92] 
trilpas[44] = [44, 85, 95] 
trilpas[45] = [26, 45, 78] 
trilpas[46] = [46, 57, 71] 
trilpas[47] = [47, 64, 88] 
trilpas[48] = [19, 48, 57] 
trilpas[49] = [49, 50, 51] 
trilpas[50] = [43, 50, 81] 
trilpas[51] = [12, 36, 51] 
trilpas[52] = [29, 43, 52] 
trilpas[53] = [22, 53, 74] 
trilpas[54] = [5, 15, 54] 
trilpas[55] = [8, 36, 55] 
trilpas[56] = [1, 56, 67] 
trilpas[57] = [57, 94, 98] 
trilpas[58] = [29, 58, 87] 
trilpas[59] = [59, 60, 80] 
trilpas[60] = [60, 73, 91] 
trilpas[61] = [22, 61, 66] 
trilpas[62] = [53, 59, 62] 
trilpas[63] = [52, 63, 84] 
trilpas[64] = [15, 45, 64] 
trilpas[65] = [38, 46, 65] 
trilpas[66] = [31, 66, 77] 
trilpas[67] = [8, 24, 67] 
trilpas[68] = [17, 39, 68] 
trilpas[69] = [10, 69, 70] 
trilpas[70] = [1, 3, 70] 
trilpas[71] = [32, 71, 96] 
trilpas[72] = [63, 72, 89] 
trilpas[73] = [73, 82, 94] 
trilpas[74] = [25, 74, 75] 
trilpas[75] = [56, 68, 75] 
trilpas[76] = [61, 76, 87] 
trilpas[77] = [18, 54, 77] 
trilpas[78] = [47, 49, 78] 
trilpas[79] = [40, 79, 80] 
trilpas[80] = [11, 33, 80] 
trilpas[81] = [26, 42, 81] 
trilpas[82] = [19, 73, 82] 
trilpas[83] = [4, 12, 83] 
trilpas[84] = [5, 35, 84] 
trilpas[85] = [66, 85, 98] 
trilpas[86] = [86, 91, 97] 
trilpas[87] = [28, 84, 87] 
trilpas[88] = [59, 77, 88] 
trilpas[89] = [70, 89, 90] 
trilpas[90] = [21, 63, 90] 
trilpas[91] = [52, 56, 91] 
trilpas[92] = [49, 83, 92] 
trilpas[93] = [14, 42, 93] 
trilpas[94] = [35, 45, 94] 
trilpas[95] = [28, 76, 95] 
trilpas[96] = [7, 21, 96] 
trilpas[97] = [14, 38, 97] 
trilpas[98] = [7, 69, 98] 
trilpas[99] = [0, 1, 99] 
(Iter. 0) BestSol = Solution: cost=[-1061.0], size=[43], elements=[23, 74, 31, 21, 51, 27, 22, 95, 68, 2, 29, 14, 24, 96, 62, 78, 85, 79, 61, 3, 17, 63, 10, 84, 49, 18, 89, 19, 81, 71, 33, 64, 91, 25, 11, 34, 43, 57, 28, 83, 69, 94, 56]
(Iter. 1) BestSol = Solution: cost=[-1173.0], size=[44], elements=[27, 2, 51, 95, 23, 73, 40, 56, 22, 29, 33, 17, 18, 34, 10, 84, 7, 43, 85, 38, 24, 42, 62, 64, 19, 69, 74, 96, 14, 89, 78, 57, 91, 39, 71, 81, 66, 72, 45, 59, 90, 28, 31, 25]
(Iter. 3) BestSol = Solution: cost=[-1174.0], size=[44], elements=[22, 84, 82, 57, 68, 43, 66, 78, 51, 38, 39, 56, 91, 67, 80, 29, 95, 18, 10, 6, 74, 33, 62, 28, 42, 44, 64, 14, 23, 96, 69, 2, 7, 71, 90, 63, 34, 40, 73, 45, 9, 59, 16, 50]
(Iter. 11) BestSol = Solution: cost=[-1217.0], size=[46], elements=[43, 57, 68, 11, 19, 56, 51, 16, 38, 10, 17, 7, 50, 85, 69, 45, 28, 33, 25, 74, 64, 42, 44, 62, 86, 71, 24, 23, 22, 14, 18, 2, 34, 90, 73, 63, 40, 96, 78, 91, 61, 84, 79, 67, 20, 94]
(Iter. 237) BestSol = Solution: cost=[-1248.0], size=[46], elements=[22, 2, 84, 94, 44, 26, 95, 27, 23, 62, 33, 93, 29, 18, 10, 86, 91, 17, 7, 69, 96, 74, 51, 56, 64, 14, 89, 38, 24, 43, 68, 78, 90, 81, 3, 34, 63, 11, 71, 57, 19, 25, 31, 83, 28, 61]
maxVal = Solution: cost=[-1248.0], size=[46], elements=[22, 2, 84, 94, 44, 26, 95, 27, 23, 62, 33, 93, 29, 18, 10, 86, 91, 17, 7, 69, 96, 74, 51, 56, 64, 14, 89, 38, 24, 43, 68, 78, 90, 81, 3, 34, 63, 11, 71, 57, 19, 25, 31, 83, 28, 61]
Time = 15.428 seg
