trilpas[0] = [0, 31, 93] 
trilpas[1] = [1, 62, 86] 
trilpas[2] = [2, 79, 93] 
trilpas[3] = [3, 24, 72] 
trilpas[4] = [4, 55, 65] 
trilpas[5] = [5, 58, 86] 
trilpas[6] = [6, 17, 51] 
trilpas[7] = [7, 44, 48] 
trilpas[8] = [8, 37, 79] 
trilpas[9] = [9, 10, 30] 
trilpas[10] = [10, 23, 41] 
trilpas[11] = [11, 16, 72] 
trilpas[12] = [3, 9, 12] 
trilpas[13] = [2, 13, 34] 
trilpas[14] = [14, 65, 95] 
trilpas[15] = [15, 88, 96] 
trilpas[16] = [16, 27, 81] 
trilpas[17] = [17, 58, 74] 
trilpas[18] = [18, 67, 89] 
trilpas[19] = [19, 20, 60] 
trilpas[20] = [20, 51, 53] 
trilpas[21] = [21, 46, 82] 
trilpas[22] = [13, 22, 39] 
trilpas[23] = [23, 32, 44] 
trilpas[24] = [24, 25, 75] 
trilpas[25] = [6, 18, 25] 
trilpas[26] = [11, 26, 37] 
trilpas[27] = [4, 27, 68] 
trilpas[28] = [28, 97, 99] 
trilpas[29] = [29, 30, 90] 
trilpas[30] = [30, 61, 83] 
trilpas[31] = [31, 76, 92] 
trilpas[32] = [23, 32, 69] 
trilpas[33] = [33, 54, 62] 
trilpas[34] = [34, 55, 85] 
trilpas[35] = [16, 35, 48] 
trilpas[36] = [36, 41, 47] 
trilpas[37] = [34, 37, 78] 
trilpas[38] = [9, 27, 38] 
trilpas[39] = [20, 39, 40] 
trilpas[40] = [13, 40, 71] 
trilpas[41] = [2, 6, 41] 
trilpas[42] = [33, 42, 99] 
trilpas[43] = [43, 64, 92] 
trilpas[44] = [44, 85, 95] 
trilpas[45] = [26, 45, 78] 
trilpas[46] = [46, 57, 71] 
trilpas[47] = [47, 64, 88] 
trilpas[48] = [19, 48, 57] 
trilpas[49] = [49, 50, 51] 
trilpas[50] = [43, 50, 81] 
trilpas[51] = [12, 36, 51] 
trilpas[52] = [29, 43, 52] 
trilpas[53] = [22, 53, 74] 
trilpas[54] = [5, 15, 54] 
trilpas[55] = [8, 36, 55] 
trilpas[56] = [1, 56, 67] 
trilpas[57] = [57, 94, 98] 
trilpas[58] = [29, 58, 87] 
trilpas[59] = [59, 60, 80] 
trilpas[60] = [60, 73, 91] 
trilpas[61] = [22, 61, 66] 
trilpas[62] = [53, 59, 62] 
trilpas[63] = [52, 63, 84] 
trilpas[64] = [15, 45, 64] 
trilpas[65] = [38, 46, 65] 
trilpas[66] = [31, 66, 77] 
trilpas[67] = [8, 24, 67] 
trilpas[68] = [17, 39, 68] 
trilpas[69] = [10, 69, 70] 
trilpas[70] = [1, 3, 70] 
trilpas[71] = [32, 71, 96] 
trilpas[72] = [63, 72, 89] 
trilpas[73] = [73, 82, 94] 
trilpas[74] = [25, 74, 75] 
trilpas[75] = [56, 68, 75] 
trilpas[76] = [61, 76, 87] 
trilpas[77] = [18, 54, 77] 
trilpas[78] = [47, 49, 78] 
trilpas[79] = [40, 79, 80] 
trilpas[80] = [11, 33, 80] 
trilpas[81] = [26, 42, 81] 
trilpas[82] = [19, 73, 82] 
trilpas[83] = [4, 12, 83] 
trilpas[84] = [5, 35, 84] 
trilpas[85] = [66, 85, 98] 
trilpas[86] = [86, 91, 97] 
trilpas[87] = [28, 84, 87] 
trilpas[88] = [59, 77, 88] 
trilpas[89] = [70, 89, 90] 
trilpas[90] = [21, 63, 90] 
trilpas[91] = [52, 56, 91] 
trilpas[92] = [49, 83, 92] 
trilpas[93] = [14, 42, 93] 
trilpas[94] = [35, 45, 94] 
trilpas[95] = [28, 76, 95] 
trilpas[96] = [7, 21, 96] 
trilpas[97] = [14, 38, 97] 
trilpas[98] = [7, 69, 98] 
trilpas[99] = [0, 1, 99] 
(Iter. 0) BestSol = Solution: cost=[-1085.0], size=[42], elements=[2, 61, 36, 84, 68, 17, 51, 45, 23, 79, 14, 62, 28, 10, 95, 22, 31, 3, 35, 74, 85, 81, 24, 30, 7, 18, 38, 49, 19, 33, 55, 25, 43, 29, 63, 98, 96, 15, 71, 11, 57, 78]
(Iter. 5) BestSol = Solution: cost=[-1107.0], size=[44], elements=[68, 20, 44, 92, 49, 57, 80, 73, 56, 10, 18, 38, 23, 45, 33, 22, 51, 28, 67, 2, 74, 9, 7, 16, 62, 42, 39, 85, 29, 71, 63, 21, 24, 14, 79, 34, 31, 81, 72, 25, 15, 98, 77, 88]
(Iter. 8) BestSol = Solution: cost=[-1134.0], size=[44], elements=[23, 7, 62, 74, 37, 10, 38, 26, 9, 92, 69, 2, 56, 89, 59, 81, 64, 16, 34, 80, 44, 68, 39, 90, 71, 40, 57, 51, 18, 29, 73, 63, 14, 22, 93, 33, 96, 91, 82, 6, 28, 84, 66, 49]
(Iter. 9) BestSol = Solution: cost=[-1154.0], size=[44], elements=[49, 92, 57, 37, 68, 38, 20, 63, 22, 74, 10, 23, 62, 39, 56, 44, 7, 2, 9, 18, 80, 89, 29, 69, 14, 93, 96, 82, 16, 59, 34, 90, 71, 51, 73, 91, 95, 33, 64, 6, 84, 66, 3, 45]
(Iter. 51) BestSol = Solution: cost=[-1158.0], size=[44], elements=[74, 27, 51, 23, 33, 56, 73, 68, 45, 22, 38, 43, 62, 95, 24, 28, 85, 10, 7, 31, 16, 69, 50, 2, 17, 52, 19, 18, 42, 25, 14, 72, 71, 79, 64, 90, 34, 96, 40, 77, 63, 88, 20, 67]
(Iter. 71) BestSol = Solution: cost=[-1165.0], size=[45], elements=[94, 21, 84, 22, 2, 44, 10, 9, 23, 61, 5, 15, 67, 62, 48, 85, 73, 63, 92, 45, 55, 20, 79, 16, 12, 13, 72, 69, 51, 14, 71, 91, 6, 68, 57, 96, 8, 74, 43, 50, 33, 29, 38, 59, 58]
(Iter. 77) BestSol = Solution: cost=[-1199.0], size=[44], elements=[44, 7, 42, 2, 19, 18, 10, 85, 84, 17, 33, 45, 73, 20, 71, 14, 57, 50, 69, 64, 92, 94, 96, 34, 6, 72, 16, 38, 67, 28, 91, 63, 23, 75, 22, 39, 29, 62, 90, 66, 56, 59, 78, 9]
(Iter. 191) BestSol = Solution: cost=[-1210.0], size=[45], elements=[57, 22, 68, 56, 82, 43, 38, 51, 67, 78, 84, 39, 66, 18, 29, 91, 40, 80, 14, 2, 42, 95, 64, 34, 96, 10, 23, 7, 59, 44, 73, 63, 33, 90, 62, 71, 28, 45, 74, 6, 9, 16, 69, 72, 50]
(Iter. 408) BestSol = Solution: cost=[-1224.0], size=[46], elements=[44, 62, 89, 19, 18, 7, 14, 2, 85, 10, 23, 42, 96, 24, 74, 22, 29, 63, 64, 17, 84, 51, 3, 33, 86, 78, 38, 68, 25, 90, 61, 11, 34, 40, 71, 45, 69, 57, 28, 81, 56, 73, 49, 91, 79, 43]
(Iter. 527) BestSol = Solution: cost=[-1225.0], size=[42], elements=[44, 23, 27, 95, 68, 22, 2, 31, 14, 51, 17, 18, 74, 29, 7, 62, 33, 90, 93, 96, 64, 10, 19, 89, 43, 91, 86, 56, 24, 38, 11, 28, 78, 57, 69, 25, 3, 81, 71, 49, 63, 83]
maxVal = Solution: cost=[-1225.0], size=[42], elements=[44, 23, 27, 95, 68, 22, 2, 31, 14, 51, 17, 18, 74, 29, 7, 62, 33, 90, 93, 96, 64, 10, 19, 89, 43, 91, 86, 56, 24, 38, 11, 28, 78, 57, 69, 25, 3, 81, 71, 49, 63, 83]
Time = 17.041 seg
