trilpas[0] = [0, 11, 13] 
trilpas[1] = [1, 22, 26] 
trilpas[2] = [2, 33, 39] 
trilpas[3] = [3, 44, 52] 
trilpas[4] = [4, 5, 55] 
trilpas[5] = [5, 6, 18] 
trilpas[6] = [6, 17, 31] 
trilpas[7] = [7, 28, 44] 
trilpas[8] = [8, 39, 57] 
trilpas[9] = [9, 10, 50] 
trilpas[10] = [1, 10, 23] 
trilpas[11] = [11, 12, 36] 
trilpas[12] = [12, 23, 49] 
trilpas[13] = [2, 13, 34] 
trilpas[14] = [14, 15, 45] 
trilpas[15] = [15, 28, 56] 
trilpas[16] = [7, 16, 41] 
trilpas[17] = [17, 18, 54] 
trilpas[18] = [7, 18, 29] 
trilpas[19] = [19, 20, 40] 
trilpas[20] = [20, 33, 51] 
trilpas[21] = [2, 21, 46] 
trilpas[22] = [13, 22, 59] 
trilpas[23] = [12, 23, 24] 
trilpas[24] = [24, 25, 35] 
trilpas[25] = [25, 38, 46] 
trilpas[26] = [26, 51, 57] 
trilpas[27] = [4, 8, 27] 
trilpas[28] = [17, 19, 28] 
trilpas[29] = [29, 30, 31] 
trilpas[30] = [30, 41, 43] 
trilpas[31] = [31, 52, 56] 
trilpas[32] = [3, 9, 32] 
trilpas[33] = [14, 22, 33] 
trilpas[34] = [25, 34, 35] 
trilpas[35] = [35, 36, 48] 
trilpas[36] = [1, 36, 47] 
trilpas[37] = [14, 37, 58] 
trilpas[38] = [9, 27, 38] 
trilpas[39] = [20, 39, 40] 
trilpas[40] = [31, 40, 53] 
trilpas[41] = [6, 41, 42] 
trilpas[42] = [19, 42, 53] 
trilpas[43] = [4, 32, 43] 
trilpas[44] = [15, 44, 45] 
trilpas[45] = [26, 45, 58] 
trilpas[46] = [11, 37, 46] 
trilpas[47] = [24, 47, 48] 
trilpas[48] = [37, 48, 59] 
trilpas[49] = [10, 49, 50] 
trilpas[50] = [3, 21, 50] 
trilpas[51] = [16, 32, 51] 
trilpas[52] = [29, 43, 52] 
trilpas[53] = [42, 53, 54] 
trilpas[54] = [5, 54, 55] 
trilpas[55] = [8, 16, 55] 
trilpas[56] = [21, 27, 56] 
trilpas[57] = [34, 38, 57] 
trilpas[58] = [47, 49, 58] 
trilpas[59] = [0, 1, 59] 
(Iter. 0) BestSol = Solution: cost=[-403.0], size=[24], elements=[0, 28, 11, 45, 34, 3, 24, 27, 39, 57, 44, 21, 48, 41, 33, 19, 16, 22, 23, 49, 4, 9, 18, 30]
(Iter. 2) BestSol = Solution: cost=[-411.0], size=[26], elements=[44, 18, 11, 45, 2, 57, 6, 23, 33, 28, 4, 26, 27, 3, 24, 19, 38, 22, 21, 49, 16, 30, 59, 55, 35, 41]
(Iter. 4) BestSol = Solution: cost=[-429.0], size=[26], elements=[44, 18, 45, 2, 11, 24, 4, 30, 29, 16, 27, 22, 41, 17, 52, 38, 28, 26, 40, 49, 34, 56, 23, 35, 53, 32]
(Iter. 6) BestSol = Solution: cost=[-470.0], size=[27], elements=[17, 16, 11, 3, 28, 34, 49, 26, 40, 44, 38, 24, 41, 30, 4, 21, 22, 46, 51, 56, 29, 55, 53, 35, 42, 59, 45]
(Iter. 7) BestSol = Solution: cost=[-490.0], size=[28], elements=[3, 17, 28, 44, 26, 11, 42, 38, 21, 49, 16, 30, 41, 34, 4, 51, 56, 29, 46, 22, 55, 53, 24, 23, 35, 59, 45, 14]
(Iter. 29) BestSol = Solution: cost=[-500.0], size=[27], elements=[11, 28, 17, 16, 42, 34, 12, 3, 55, 26, 49, 38, 44, 24, 56, 51, 53, 4, 59, 14, 2, 35, 30, 29, 27, 33, 45]
(Iter. 34) BestSol = Solution: cost=[-508.0], size=[25], elements=[42, 13, 44, 54, 56, 14, 43, 29, 27, 51, 17, 38, 16, 26, 49, 2, 24, 4, 3, 55, 30, 35, 59, 19, 33]
maxVal = Solution: cost=[-508.0], size=[25], elements=[42, 13, 44, 54, 56, 14, 43, 29, 27, 51, 17, 38, 16, 26, 49, 2, 24, 4, 3, 55, 30, 35, 59, 19, 33]
Time = 3.859 seg
