trilpas[0] = [0, 11, 13] 
trilpas[1] = [1, 22, 26] 
trilpas[2] = [2, 33, 39] 
trilpas[3] = [3, 44, 52] 
trilpas[4] = [4, 5, 55] 
trilpas[5] = [5, 6, 18] 
trilpas[6] = [6, 17, 31] 
trilpas[7] = [7, 28, 44] 
trilpas[8] = [8, 39, 57] 
trilpas[9] = [9, 10, 50] 
trilpas[10] = [1, 10, 23] 
trilpas[11] = [11, 12, 36] 
trilpas[12] = [12, 23, 49] 
trilpas[13] = [2, 13, 34] 
trilpas[14] = [14, 15, 45] 
trilpas[15] = [15, 28, 56] 
trilpas[16] = [7, 16, 41] 
trilpas[17] = [17, 18, 54] 
trilpas[18] = [7, 18, 29] 
trilpas[19] = [19, 20, 40] 
trilpas[20] = [20, 33, 51] 
trilpas[21] = [2, 21, 46] 
trilpas[22] = [13, 22, 59] 
trilpas[23] = [12, 23, 24] 
trilpas[24] = [24, 25, 35] 
trilpas[25] = [25, 38, 46] 
trilpas[26] = [26, 51, 57] 
trilpas[27] = [4, 8, 27] 
trilpas[28] = [17, 19, 28] 
trilpas[29] = [29, 30, 31] 
trilpas[30] = [30, 41, 43] 
trilpas[31] = [31, 52, 56] 
trilpas[32] = [3, 9, 32] 
trilpas[33] = [14, 22, 33] 
trilpas[34] = [25, 34, 35] 
trilpas[35] = [35, 36, 48] 
trilpas[36] = [1, 36, 47] 
trilpas[37] = [14, 37, 58] 
trilpas[38] = [9, 27, 38] 
trilpas[39] = [20, 39, 40] 
trilpas[40] = [31, 40, 53] 
trilpas[41] = [6, 41, 42] 
trilpas[42] = [19, 42, 53] 
trilpas[43] = [4, 32, 43] 
trilpas[44] = [15, 44, 45] 
trilpas[45] = [26, 45, 58] 
trilpas[46] = [11, 37, 46] 
trilpas[47] = [24, 47, 48] 
trilpas[48] = [37, 48, 59] 
trilpas[49] = [10, 49, 50] 
trilpas[50] = [3, 21, 50] 
trilpas[51] = [16, 32, 51] 
trilpas[52] = [29, 43, 52] 
trilpas[53] = [42, 53, 54] 
trilpas[54] = [5, 54, 55] 
trilpas[55] = [8, 16, 55] 
trilpas[56] = [21, 27, 56] 
trilpas[57] = [34, 38, 57] 
trilpas[58] = [47, 49, 58] 
trilpas[59] = [0, 1, 59] 
(Iter. 0) BestSol = Solution: cost=[-443.0], size=[26], elements=[55, 19, 3, 28, 4, 33, 45, 11, 16, 27, 30, 24, 26, 49, 44, 35, 51, 56, 29, 54, 41, 38, 2, 22, 34, 46]
(Iter. 2) BestSol = Solution: cost=[-465.0], size=[26], elements=[42, 12, 16, 11, 34, 28, 55, 17, 3, 26, 38, 49, 44, 51, 56, 21, 4, 30, 40, 41, 24, 29, 35, 53, 59, 14]
(Iter. 10) BestSol = Solution: cost=[-470.0], size=[27], elements=[3, 28, 17, 16, 11, 34, 38, 26, 40, 49, 44, 42, 21, 51, 56, 4, 55, 30, 12, 41, 24, 29, 35, 53, 59, 14, 46]
(Iter. 35) BestSol = Solution: cost=[-474.0], size=[22], elements=[13, 53, 51, 42, 55, 56, 44, 4, 17, 3, 26, 35, 27, 30, 29, 32, 14, 38, 24, 49, 59, 2]
(Iter. 46) BestSol = Solution: cost=[-482.0], size=[23], elements=[55, 44, 42, 13, 56, 53, 51, 4, 2, 29, 7, 35, 26, 32, 17, 30, 27, 14, 24, 49, 59, 38, 12]
(Iter. 87) BestSol = Solution: cost=[-490.0], size=[28], elements=[17, 30, 16, 41, 49, 34, 11, 24, 3, 28, 26, 38, 44, 4, 21, 46, 22, 51, 56, 29, 55, 53, 35, 42, 59, 45, 23, 14]
(Iter. 98) BestSol = Solution: cost=[-500.0], size=[27], elements=[3, 28, 17, 16, 11, 34, 38, 26, 49, 44, 42, 24, 51, 56, 4, 30, 27, 29, 35, 53, 55, 12, 14, 59, 2, 33, 45]
(Iter. 207) BestSol = Solution: cost=[-508.0], size=[25], elements=[2, 13, 42, 44, 56, 4, 55, 54, 51, 29, 43, 27, 14, 38, 17, 26, 30, 35, 3, 24, 59, 49, 19, 16, 33]
maxVal = Solution: cost=[-508.0], size=[25], elements=[2, 13, 42, 44, 56, 4, 55, 54, 51, 29, 43, 27, 14, 38, 17, 26, 30, 35, 3, 24, 59, 49, 19, 16, 33]
Time = 390.832 seg
