trilpas[0] = [0, 53, 71] 
trilpas[1] = [1, 6, 42] 
trilpas[2] = [2, 13, 39] 
trilpas[3] = [3, 64, 72] 
trilpas[4] = [4, 25, 35] 
trilpas[5] = [5, 6, 58] 
trilpas[6] = [6, 11, 57] 
trilpas[7] = [7, 28, 44] 
trilpas[8] = [8, 77, 79] 
trilpas[9] = [9, 30, 50] 
trilpas[10] = [10, 21, 63] 
trilpas[11] = [11, 16, 72] 
trilpas[12] = [12, 43, 49] 
trilpas[13] = [2, 13, 14] 
trilpas[14] = [14, 35, 65] 
trilpas[15] = [15, 36, 68] 
trilpas[16] = [7, 16, 21] 
trilpas[17] = [17, 54, 58] 
trilpas[18] = [7, 18, 29] 
trilpas[19] = [0, 19, 40] 
trilpas[20] = [20, 51, 73] 
trilpas[21] = [21, 22, 26] 
trilpas[22] = [22, 59, 73] 
trilpas[23] = [12, 23, 44] 
trilpas[24] = [15, 24, 45] 
trilpas[25] = [25, 66, 78] 
trilpas[26] = [26, 31, 37] 
trilpas[27] = [8, 27, 64] 
trilpas[28] = [17, 28, 59] 
trilpas[29] = [29, 30, 50] 
trilpas[30] = [1, 3, 30] 
trilpas[31] = [31, 36, 52] 
trilpas[32] = [23, 32, 69] 
trilpas[33] = [22, 33, 74] 
trilpas[34] = [34, 45, 55] 
trilpas[35] = [8, 16, 35] 
trilpas[36] = [36, 41, 67] 
trilpas[37] = [37, 38, 74] 
trilpas[38] = [9, 27, 38] 
trilpas[39] = [39, 60, 61] 
trilpas[40] = [13, 31, 40] 
trilpas[41] = [2, 41, 46] 
trilpas[42] = [42, 53, 79] 
trilpas[43] = [24, 32, 43] 
trilpas[44] = [44, 65, 75] 
trilpas[45] = [18, 45, 46] 
trilpas[46] = [17, 46, 51] 
trilpas[47] = [4, 47, 68] 
trilpas[48] = [37, 39, 48] 
trilpas[49] = [10, 49, 70] 
trilpas[50] = [23, 50, 61] 
trilpas[51] = [32, 51, 56] 
trilpas[52] = [3, 9, 52] 
trilpas[53] = [42, 53, 54] 
trilpas[54] = [25, 54, 75] 
trilpas[55] = [28, 55, 76] 
trilpas[56] = [47, 56, 61] 
trilpas[57] = [14, 18, 57] 
trilpas[58] = [47, 58, 69] 
trilpas[59] = [0, 40, 59] 
trilpas[60] = [11, 33, 60] 
trilpas[61] = [61, 62, 66] 
trilpas[62] = [19, 33, 62] 
trilpas[63] = [4, 52, 63] 
trilpas[64] = [5, 55, 64] 
trilpas[65] = [26, 38, 65] 
trilpas[66] = [66, 71, 77] 
trilpas[67] = [24, 48, 67] 
trilpas[68] = [19, 57, 68] 
trilpas[69] = [10, 69, 70] 
trilpas[70] = [41, 43, 70] 
trilpas[71] = [12, 71, 76] 
trilpas[72] = [29, 63, 72] 
trilpas[73] = [34, 62, 73] 
trilpas[74] = [5, 15, 74] 
trilpas[75] = [48, 56, 75] 
trilpas[76] = [1, 27, 76] 
trilpas[77] = [34, 77, 78] 
trilpas[78] = [49, 67, 78] 
trilpas[79] = [20, 21, 79] 
(Iter. 0) BestSol = Solution: cost=[-749.0], size=[33], elements=[15, 54, 3, 7, 31, 11, 48, 2, 4, 65, 75, 23, 13, 18, 10, 42, 16, 60, 61, 1, 35, 9, 78, 37, 73, 24, 66, 5, 71, 59, 64, 12, 27]
(Iter. 2) BestSol = Solution: cost=[-772.0], size=[32], elements=[32, 54, 1, 11, 2, 3, 4, 29, 15, 50, 31, 12, 10, 18, 61, 75, 42, 24, 60, 48, 27, 37, 49, 8, 5, 13, 35, 65, 71, 73, 9, 66]
(Iter. 10) BestSol = Solution: cost=[-778.0], size=[31], elements=[58, 41, 64, 37, 48, 23, 2, 62, 47, 36, 71, 18, 42, 6, 54, 43, 31, 3, 8, 75, 76, 24, 50, 74, 49, 66, 73, 7, 13, 63, 44]
(Iter. 11) BestSol = Solution: cost=[-784.0], size=[35], elements=[43, 48, 41, 24, 64, 76, 62, 37, 2, 58, 47, 42, 19, 71, 1, 18, 22, 54, 52, 25, 49, 51, 8, 3, 13, 73, 60, 5, 4, 31, 44, 21, 7, 61, 50]
(Iter. 27) BestSol = Solution: cost=[-830.0], size=[36], elements=[48, 23, 37, 2, 64, 62, 46, 19, 58, 71, 18, 47, 36, 31, 75, 9, 42, 3, 54, 1, 60, 13, 73, 24, 7, 74, 22, 76, 49, 44, 4, 51, 70, 43, 55, 8]
(Iter. 1501) BestSol = Solution: cost=[-836.0], size=[36], elements=[22, 42, 24, 7, 75, 48, 31, 3, 18, 54, 2, 13, 60, 73, 9, 37, 62, 1, 71, 76, 49, 64, 74, 58, 46, 23, 44, 69, 19, 36, 4, 51, 43, 61, 55, 8]
(Iter. 4843) BestSol = Solution: cost=[-843.0], size=[37], elements=[23, 48, 37, 2, 18, 36, 31, 54, 58, 3, 62, 42, 7, 75, 13, 73, 71, 9, 46, 60, 19, 24, 69, 64, 44, 76, 70, 43, 1, 74, 51, 22, 49, 4, 61, 55, 8]
(Iter. 8070) BestSol = Solution: cost=[-849.0], size=[36], elements=[24, 64, 1, 2, 62, 47, 71, 37, 73, 55, 49, 75, 3, 76, 50, 52, 18, 42, 22, 4, 8, 19, 69, 46, 48, 43, 54, 31, 44, 60, 13, 51, 61, 7, 21, 74]
(Iter. 8969) BestSol = Solution: cost=[-851.0], size=[36], elements=[22, 62, 76, 64, 74, 37, 8, 49, 47, 71, 2, 18, 19, 48, 42, 58, 46, 52, 24, 75, 50, 55, 3, 1, 43, 73, 31, 21, 13, 7, 54, 44, 60, 51, 61, 4]
maxVal = Solution: cost=[-851.0], size=[36], elements=[22, 62, 76, 64, 74, 37, 8, 49, 47, 71, 2, 18, 19, 48, 42, 58, 46, 52, 24, 75, 50, 55, 3, 1, 43, 73, 31, 21, 13, 7, 54, 44, 60, 51, 61, 4]
Time = 1336.108 seg
