trilpas[0] = [0, 31, 93] 
trilpas[1] = [1, 62, 86] 
trilpas[2] = [2, 79, 93] 
trilpas[3] = [3, 24, 72] 
trilpas[4] = [4, 55, 65] 
trilpas[5] = [5, 58, 86] 
trilpas[6] = [6, 17, 51] 
trilpas[7] = [7, 44, 48] 
trilpas[8] = [8, 37, 79] 
trilpas[9] = [9, 10, 30] 
trilpas[10] = [10, 23, 41] 
trilpas[11] = [11, 16, 72] 
trilpas[12] = [3, 9, 12] 
trilpas[13] = [2, 13, 34] 
trilpas[14] = [14, 65, 95] 
trilpas[15] = [15, 88, 96] 
trilpas[16] = [16, 27, 81] 
trilpas[17] = [17, 58, 74] 
trilpas[18] = [18, 67, 89] 
trilpas[19] = [19, 20, 60] 
trilpas[20] = [20, 51, 53] 
trilpas[21] = [21, 46, 82] 
trilpas[22] = [13, 22, 39] 
trilpas[23] = [23, 32, 44] 
trilpas[24] = [24, 25, 75] 
trilpas[25] = [6, 18, 25] 
trilpas[26] = [11, 26, 37] 
trilpas[27] = [4, 27, 68] 
trilpas[28] = [28, 97, 99] 
trilpas[29] = [29, 30, 90] 
trilpas[30] = [30, 61, 83] 
trilpas[31] = [31, 76, 92] 
trilpas[32] = [23, 32, 69] 
trilpas[33] = [33, 54, 62] 
trilpas[34] = [34, 55, 85] 
trilpas[35] = [16, 35, 48] 
trilpas[36] = [36, 41, 47] 
trilpas[37] = [34, 37, 78] 
trilpas[38] = [9, 27, 38] 
trilpas[39] = [20, 39, 40] 
trilpas[40] = [13, 40, 71] 
trilpas[41] = [2, 6, 41] 
trilpas[42] = [33, 42, 99] 
trilpas[43] = [43, 64, 92] 
trilpas[44] = [44, 85, 95] 
trilpas[45] = [26, 45, 78] 
trilpas[46] = [46, 57, 71] 
trilpas[47] = [47, 64, 88] 
trilpas[48] = [19, 48, 57] 
trilpas[49] = [49, 50, 51] 
trilpas[50] = [43, 50, 81] 
trilpas[51] = [12, 36, 51] 
trilpas[52] = [29, 43, 52] 
trilpas[53] = [22, 53, 74] 
trilpas[54] = [5, 15, 54] 
trilpas[55] = [8, 36, 55] 
trilpas[56] = [1, 56, 67] 
trilpas[57] = [57, 94, 98] 
trilpas[58] = [29, 58, 87] 
trilpas[59] = [59, 60, 80] 
trilpas[60] = [60, 73, 91] 
trilpas[61] = [22, 61, 66] 
trilpas[62] = [53, 59, 62] 
trilpas[63] = [52, 63, 84] 
trilpas[64] = [15, 45, 64] 
trilpas[65] = [38, 46, 65] 
trilpas[66] = [31, 66, 77] 
trilpas[67] = [8, 24, 67] 
trilpas[68] = [17, 39, 68] 
trilpas[69] = [10, 69, 70] 
trilpas[70] = [1, 3, 70] 
trilpas[71] = [32, 71, 96] 
trilpas[72] = [63, 72, 89] 
trilpas[73] = [73, 82, 94] 
trilpas[74] = [25, 74, 75] 
trilpas[75] = [56, 68, 75] 
trilpas[76] = [61, 76, 87] 
trilpas[77] = [18, 54, 77] 
trilpas[78] = [47, 49, 78] 
trilpas[79] = [40, 79, 80] 
trilpas[80] = [11, 33, 80] 
trilpas[81] = [26, 42, 81] 
trilpas[82] = [19, 73, 82] 
trilpas[83] = [4, 12, 83] 
trilpas[84] = [5, 35, 84] 
trilpas[85] = [66, 85, 98] 
trilpas[86] = [86, 91, 97] 
trilpas[87] = [28, 84, 87] 
trilpas[88] = [59, 77, 88] 
trilpas[89] = [70, 89, 90] 
trilpas[90] = [21, 63, 90] 
trilpas[91] = [52, 56, 91] 
trilpas[92] = [49, 83, 92] 
trilpas[93] = [14, 42, 93] 
trilpas[94] = [35, 45, 94] 
trilpas[95] = [28, 76, 95] 
trilpas[96] = [7, 21, 96] 
trilpas[97] = [14, 38, 97] 
trilpas[98] = [7, 69, 98] 
trilpas[99] = [0, 1, 99] 
(Iter. 0) BestSol = Solution: cost=[-1087.0], size=[38], elements=[33, 27, 51, 74, 23, 68, 31, 95, 22, 2, 85, 29, 17, 56, 18, 7, 10, 62, 14, 86, 64, 90, 73, 37, 43, 96, 59, 91, 93, 24, 89, 69, 47, 25, 16, 28, 19, 3]
(Iter. 1) BestSol = Solution: cost=[-1209.0], size=[43], elements=[39, 68, 37, 28, 62, 23, 10, 38, 74, 7, 42, 69, 2, 9, 16, 51, 45, 56, 22, 57, 80, 50, 43, 89, 14, 44, 59, 95, 18, 96, 29, 90, 71, 33, 66, 91, 72, 64, 73, 34, 6, 82, 20]
(Iter. 55) BestSol = Solution: cost=[-1210.0], size=[45], elements=[82, 67, 68, 57, 22, 84, 39, 56, 91, 38, 43, 66, 78, 51, 95, 29, 18, 14, 40, 2, 23, 10, 34, 64, 96, 7, 44, 62, 90, 63, 42, 59, 73, 71, 33, 72, 6, 28, 45, 69, 16, 74, 9, 80, 50]
(Iter. 141) BestSol = Solution: cost=[-1228.0], size=[44], elements=[7, 57, 43, 56, 10, 19, 11, 68, 17, 38, 51, 74, 33, 50, 85, 64, 86, 22, 14, 62, 44, 18, 28, 63, 29, 23, 90, 78, 25, 2, 96, 24, 42, 71, 34, 69, 72, 45, 40, 73, 91, 66, 84, 67]
(Iter. 265) BestSol = Solution: cost=[-1243.0], size=[47], elements=[11, 42, 57, 19, 44, 84, 85, 18, 10, 17, 2, 7, 63, 25, 68, 51, 61, 96, 78, 74, 14, 62, 29, 22, 86, 33, 23, 28, 38, 45, 69, 24, 71, 64, 34, 90, 40, 91, 73, 56, 43, 67, 16, 79, 20, 50, 94]
(Iter. 307) BestSol = Solution: cost=[-1248.0], size=[46], elements=[11, 27, 38, 68, 74, 51, 33, 64, 43, 57, 22, 56, 78, 62, 26, 23, 10, 34, 24, 95, 89, 93, 14, 44, 91, 86, 17, 29, 18, 96, 7, 2, 69, 63, 3, 71, 81, 90, 84, 94, 19, 25, 31, 83, 28, 61]
(Iter. 2437) BestSol = Solution: cost=[-1263.0], size=[46], elements=[23, 20, 7, 44, 73, 45, 10, 18, 2, 42, 69, 71, 96, 9, 92, 16, 34, 90, 33, 19, 72, 50, 38, 17, 63, 85, 62, 29, 22, 74, 51, 64, 14, 78, 57, 56, 68, 25, 28, 86, 61, 67, 79, 91, 84, 94]
maxVal = Solution: cost=[-1263.0], size=[46], elements=[23, 20, 7, 44, 73, 45, 10, 18, 2, 42, 69, 71, 96, 9, 92, 16, 34, 90, 33, 19, 72, 50, 38, 17, 63, 85, 62, 29, 22, 74, 51, 64, 14, 78, 57, 56, 68, 25, 28, 86, 61, 67, 79, 91, 84, 94]
Time = 1800.038 seg
